<?xml version="1.0" encoding="UTF-8" standalone="no"?>
<!DOCTYPE svg PUBLIC "-//W3C//DTD SVG 20010904//EN"
              "http://www.w3.org/TR/2001/REC-SVG-20010904/DTD/svg10.dtd">

<svg xmlns="http://www.w3.org/2000/svg"
     width="105.834mm" height="76.5974mm"
     viewBox="0 0 800 579">
  <path id="Bottom Sirloin"
        fill="none" stroke="black" stroke-width="1"
        d="M 107.00,216.00
           C 107.00,216.00 202.00,211.00 202.00,211.00
             202.00,211.00 203.00,224.00 203.00,224.00
             203.00,224.00 204.00,264.00 204.00,264.00
             204.00,264.00 205.00,281.00 205.00,281.00
             205.00,281.00 206.00,303.00 206.00,303.00
             206.00,303.00 151.00,326.63 151.00,326.63
             151.00,326.63 114.00,349.00 114.00,349.00
             114.00,349.00 113.00,323.00 113.00,323.00
             113.00,323.00 112.00,306.00 112.00,306.00
             112.00,306.00 111.00,291.00 111.00,291.00
             111.00,291.00 110.00,267.00 110.00,267.00
             110.00,267.00 109.00,254.00 109.00,254.00
             109.00,254.00 108.00,234.00 108.00,234.00
             108.00,234.00 107.00,216.00 107.00,216.00 Z" />
</svg>
