<?xml version="1.0" encoding="UTF-8" standalone="no"?>
<!DOCTYPE svg PUBLIC "-//W3C//DTD SVG 20010904//EN"
              "http://www.w3.org/TR/2001/REC-SVG-20010904/DTD/svg10.dtd">

<svg title="chuck" xmlns="http://www.w3.org/2000/svg"
     width="105.834mm" height="76.5974mm"
     viewBox="0 0 800 579">
  <path id="Selection"
        fill="none" stroke="black" stroke-width="1"
        d="M 480.00,75.00
           C 480.00,75.00 542.00,68.00 542.00,68.00
             542.00,68.00 613.00,68.00 613.00,68.00
             613.00,68.00 624.08,140.00 624.08,140.00
             624.08,140.00 628.00,170.00 628.00,170.00
             628.00,170.00 628.00,199.00 628.00,199.00
             628.00,199.00 629.00,214.00 629.00,214.00
             629.00,214.00 630.00,259.00 630.00,259.00
             630.00,259.00 608.00,259.00 608.00,259.00
             608.00,259.00 593.00,259.94 593.00,259.94
             593.00,259.94 575.00,259.94 575.00,259.94
             575.00,259.94 535.00,259.94 535.00,259.94
             535.00,259.94 526.00,259.94 526.00,259.94
             526.00,259.94 513.00,261.00 513.00,261.00
             513.00,261.00 477.00,261.00 477.00,261.00
             477.00,261.00 478.00,226.00 478.00,226.00
             478.00,226.00 478.00,203.00 478.00,203.00
             478.00,203.00 479.00,186.00 479.00,186.00
             479.00,186.00 479.00,141.00 479.00,141.00
             479.00,141.00 480.00,124.00 480.00,124.00
             480.00,124.00 480.00,75.00 480.00,75.00 Z" />
</svg>
