<?xml version="1.0" encoding="UTF-8" standalone="no"?>
<!DOCTYPE svg PUBLIC "-//W3C//DTD SVG 20010904//EN"
              "http://www.w3.org/TR/2001/REC-SVG-20010904/DTD/svg10.dtd">

<svg xmlns="http://www.w3.org/2000/svg"
     width="105.834mm" height="76.5974mm"
     viewBox="0 0 800 579">
  <path id="Flank"
        fill="none" stroke="black" stroke-width="1"
        d="M 116.00,350.00 C 116.00,350.00 149.00,328.98 149.00,328.98 149.00,328.98 169.00,320.58 169.00,320.58 169.00,320.58 200.00,307.69 200.00,307.69 200.00,307.69 241.00,295.29 241.00,295.29 241.00,295.29 261.00,289.47 261.00,289.47 261.00,289.47 308.00,281.00 308.00,281.00 308.00,281.00 309.83,311.00 309.83,311.00 309.83,311.00 311.17,335.00 311.17,335.00 311.17,335.00 319.00,389.00 319.00,389.00 319.00,389.00 307.00,391.53 307.00,391.53 291.12,392.31 259.20,381.53 243.00,376.72 243.00,376.72 197.00,366.00 197.00,366.00 197.00,366.00 141.00,355.40 141.00,355.40 135.41,354.28 120.15,351.91 116.00,350.00 Z" />
</svg>
