<?xml version="1.0" encoding="UTF-8" standalone="no"?>
<!DOCTYPE svg PUBLIC "-//W3C//DTD SVG 20010904//EN"
              "http://www.w3.org/TR/2001/REC-SVG-20010904/DTD/svg10.dtd">

<svg xmlns="http://www.w3.org/2000/svg"
     width="105.834mm" height="76.5974mm"
     viewBox="0 0 800 579">
  <path id="Left Shank"
        fill="none" stroke="black" stroke-width="1"
        d="M 32.00,332.00
           C 32.00,332.00 55.00,342.45 55.00,342.45
             55.00,342.45 85.00,348.25 85.00,348.25
             85.00,348.25 110.00,353.00 110.00,353.00
             106.90,359.60 93.69,372.87 88.17,379.00
             81.39,386.53 62.36,408.89 55.99,413.87
             48.36,419.83 41.53,426.38 31.01,423.69
             26.24,422.46 21.10,413.97 18.13,410.00
             10.64,400.00 11.71,398.84 9.58,387.00
             9.06,384.15 7.90,379.76 8.31,377.00
             8.74,374.13 13.20,366.10 14.75,363.00
             14.75,363.00 32.00,332.00 32.00,332.00 Z" />
</svg>
