<?xml version="1.0" encoding="UTF-8" standalone="no"?>
<!DOCTYPE svg PUBLIC "-//W3C//DTD SVG 20010904//EN"
              "http://www.w3.org/TR/2001/REC-SVG-20010904/DTD/svg10.dtd">

<svg xmlns="http://www.w3.org/2000/svg"
     width="105.834mm" height="76.5974mm"
     viewBox="0 0 800 579">
  <path id="Rib"
        fill="none" stroke="black" stroke-width="1"
        d="M 312.00,98.00 C 312.00,98.00 355.00,93.15 355.00,93.15 355.00,93.15 434.00,82.73 434.00,82.73 434.00,82.73 478.00,77.00 478.00,77.00 478.00,77.00 477.00,98.00 477.00,98.00 477.00,98.00 477.00,251.00 477.00,251.00 477.00,251.00 475.40,258.98 475.40,258.98 475.40,258.98 465.00,261.39 465.00,261.39 465.00,261.39 435.00,264.00 435.00,264.00 435.00,264.00 410.00,264.00 410.00,264.00 410.00,264.00 399.00,265.04 399.00,265.04 399.00,265.04 390.00,265.04 390.00,265.04 390.00,265.04 373.00,267.92 373.00,267.92 373.00,267.92 343.00,272.75 343.00,272.75 343.00,272.75 306.00,279.00 306.00,279.00 306.00,279.00 306.00,207.00 306.00,207.00 306.00,207.00 306.91,195.00 306.91,195.00 306.91,195.00 308.00,171.00 308.00,171.00 308.00,171.00 309.00,154.00 309.00,154.00 309.00,154.00 310.00,140.00 310.00,140.00 310.00,140.00 311.00,124.00 311.00,124.00 311.00,124.00 312.00,98.00 312.00,98.00 Z" />
</svg>
