<?xml version="1.0" encoding="UTF-8" standalone="no"?>
<!DOCTYPE svg PUBLIC "-//W3C//DTD SVG 20010904//EN"
              "http://www.w3.org/TR/2001/REC-SVG-20010904/DTD/svg10.dtd">

<svg xmlns="http://www.w3.org/2000/svg"
     width="105.834mm" height="76.5974mm"
     viewBox="0 0 800 579">
  <path id="Round"
        fill="none" stroke="black" stroke-width="1"
        d="M 113.00,354.00
           C 113.00,354.00 61.00,342.96 61.00,342.96
             56.43,341.57 54.16,340.21 50.00,338.31
             46.73,336.81 34.57,332.09 33.06,329.59
             31.31,326.68 34.84,313.80 35.60,310.00
             35.60,310.00 38.17,285.00 38.17,285.00
             38.17,285.00 39.45,265.00 39.45,265.00
             39.45,265.00 32.21,234.00 32.21,234.00
             32.21,234.00 24.29,191.00 24.29,191.00
             24.29,191.00 22.72,175.00 22.72,175.00
             22.72,175.00 20.75,153.00 20.75,153.00
             20.99,148.99 25.98,132.45 27.99,129.00
             27.99,129.00 35.37,119.00 35.37,119.00
             37.75,115.84 41.06,110.96 44.09,108.64
             47.79,105.79 68.53,98.28 74.00,96.52
             78.68,95.02 105.71,91.12 111.00,91.00
             111.00,91.00 107.00,134.00 107.00,134.00
             107.00,134.00 107.00,159.00 107.00,159.00
             107.00,159.00 106.00,174.00 106.00,174.00
             106.00,174.00 106.00,221.00 106.00,221.00
             106.00,221.00 107.04,236.00 107.04,236.00
             107.04,236.00 107.04,251.00 107.04,251.00
             107.04,251.00 108.00,261.00 108.00,261.00
             108.00,261.00 109.09,291.00 109.09,291.00
             109.09,291.00 110.00,303.00 110.00,303.00
             110.00,303.00 111.00,319.00 111.00,319.00
             111.00,319.00 112.00,340.00 112.00,340.00
             112.00,340.00 113.00,354.00 113.00,354.00 Z" />
</svg>
