<?xml version="1.0" encoding="UTF-8" standalone="no"?>
<!DOCTYPE svg PUBLIC "-//W3C//DTD SVG 20010904//EN"
              "http://www.w3.org/TR/2001/REC-SVG-20010904/DTD/svg10.dtd">

<svg xmlns="http://www.w3.org/2000/svg"
     width="105.834mm" height="76.5974mm"
     viewBox="0 0 800 579">
  <path id="Top Sirloin"
        fill="none" stroke="black" stroke-width="1"
        d="M 108.00,168.00
           C 108.00,168.00 171.00,168.00 171.00,168.00
             171.00,168.00 186.00,167.00 186.00,167.00
             186.00,167.00 204.00,167.00 204.00,167.00
             204.00,167.00 203.00,179.00 203.00,179.00
             203.00,179.00 203.00,200.00 203.00,200.00
             203.00,200.00 201.98,207.40 201.98,207.40
             201.98,207.40 196.00,209.00 196.00,209.00
             196.00,209.00 180.00,210.00 180.00,210.00
             180.00,210.00 155.00,211.91 155.00,211.91
             155.00,211.91 118.00,214.09 118.00,214.09
             118.00,214.09 106.00,215.00 106.00,215.00
             106.00,215.00 107.00,185.00 107.00,185.00
             107.00,185.00 108.00,168.00 108.00,168.00 Z" />
</svg>
