<?xml version="1.0" encoding="UTF-8" standalone="no"?>
<!DOCTYPE svg PUBLIC "-//W3C//DTD SVG 20010904//EN"
              "http://www.w3.org/TR/2001/REC-SVG-20010904/DTD/svg10.dtd">

<svg xmlns="http://www.w3.org/2000/svg"
     width="76.7297mm" height="89.2975mm"
     viewBox="0 0 580 675">
  <path id="back"
        fill="none" stroke="black" stroke-width="1"
        d="M 187.17,193.29 C 192.41,192.81 194.66,195.36 198.59,198.43 205.06,203.48 207.82,205.80 215.00,210.25 222.65,214.98 231.43,217.78 239.83,220.80 249.58,224.30 259.59,228.55 270.00,230.06 270.00,230.06 276.00,230.06 276.00,230.06 282.36,231.62 277.91,232.78 289.00,233.00 291.01,233.05 294.48,232.87 295.26,235.28 296.01,237.57 292.97,241.25 291.56,242.87 291.56,242.87 283.86,250.42 283.86,250.42 283.86,250.42 274.03,261.00 274.03,261.00 274.03,261.00 258.50,278.83 258.50,278.83 258.50,278.83 253.78,284.09 253.78,284.09 253.78,284.09 248.70,292.00 248.70,292.00 248.70,292.00 227.58,319.00 227.58,319.00 225.00,322.15 214.82,336.51 212.79,337.65 210.36,339.02 206.75,338.57 204.00,338.61 204.00,338.61 179.00,339.89 179.00,339.89 171.62,339.10 175.68,336.21 163.00,337.09 163.00,337.09 144.00,339.46 144.00,339.46 135.78,340.95 127.38,343.56 119.00,343.96 119.00,343.96 100.00,345.28 100.00,345.28 97.32,345.60 93.78,346.59 91.60,344.40 88.43,341.24 91.54,334.61 92.40,331.00 92.40,331.00 94.50,316.00 94.50,316.00 96.01,309.42 98.00,306.02 100.61,300.00 105.75,288.13 112.83,277.09 119.40,266.00 119.40,266.00 130.56,245.01 130.56,245.01 130.56,245.01 138.54,236.91 138.54,236.91 152.36,221.36 155.09,216.73 173.00,203.99 177.86,200.53 181.81,196.02 187.17,193.29 Z" />
</svg>
