<?xml version="1.0" encoding="UTF-8" standalone="no"?>
<!DOCTYPE svg PUBLIC "-//W3C//DTD SVG 20010904//EN"
              "http://www.w3.org/TR/2001/REC-SVG-20010904/DTD/svg10.dtd">

<svg xmlns="http://www.w3.org/2000/svg"
     width="76.7297mm" height="89.2975mm"
     viewBox="0 0 580 675">
  <path id="breast"
        fill="none" stroke="black" stroke-width="1"
        d="M 467.00,245.00 C 467.00,245.00 536.00,268.00 536.00,268.00 536.00,284.72 536.21,301.42 533.83,318.00 533.83,318.00 532.32,325.00 532.32,325.00 532.32,325.00 530.88,337.00 530.88,337.00 530.88,337.00 528.66,345.00 528.66,345.00 528.66,345.00 526.41,356.00 526.41,356.00 526.41,356.00 522.08,368.00 522.08,368.00 522.08,368.00 510.42,399.00 510.42,399.00 510.42,399.00 506.02,407.00 506.02,407.00 495.71,426.52 484.37,444.97 468.96,461.00 451.69,478.97 423.32,498.98 399.00,505.32 399.00,505.32 380.00,511.19 380.00,511.19 377.67,511.65 373.76,512.58 372.02,510.40 370.73,508.78 370.96,504.08 371.01,502.00 371.01,502.00 372.29,487.00 372.29,487.00 372.29,487.00 373.79,478.00 373.79,478.00 373.79,478.00 373.00,465.00 373.00,465.00 372.97,448.68 372.71,454.48 370.28,440.00 369.66,436.28 369.38,432.61 368.18,429.00 365.49,420.93 359.72,415.17 355.45,408.00 355.45,408.00 350.00,397.00 350.00,397.00 350.00,397.00 362.00,391.53 362.00,391.53 362.00,391.53 381.00,384.09 381.00,384.09 399.96,374.10 414.90,359.64 430.28,345.08 442.93,333.11 445.73,334.02 454.88,317.00 459.55,308.32 466.66,291.57 468.51,282.00 469.81,275.30 466.98,264.46 471.00,259.00 468.32,255.32 467.25,249.52 467.00,245.00 Z" />
</svg>
