<?xml version="1.0" encoding="UTF-8" standalone="no"?>
<!DOCTYPE svg PUBLIC "-//W3C//DTD SVG 20010904//EN"
              "http://www.w3.org/TR/2001/REC-SVG-20010904/DTD/svg10.dtd">

<svg xmlns="http://www.w3.org/2000/svg"
     width="76.7297mm" height="89.2975mm"
     viewBox="0 0 580 675">
  <path id="drumstick"
        fill="none" stroke="black" stroke-width="1"
        d="M 224.00,403.00 C 224.00,403.00 237.00,404.28 237.00,404.28 237.00,404.28 261.00,407.00 261.00,407.00 261.00,407.00 320.00,402.00 320.00,402.00 320.00,402.00 339.00,400.67 339.00,400.67 339.00,400.67 348.00,398.00 348.00,398.00 355.02,406.67 364.23,419.65 367.60,430.28 371.48,442.52 371.86,454.35 372.00,467.00 372.00,467.00 372.79,478.00 372.79,478.00 372.26,488.09 369.00,492.73 369.00,507.00 361.13,509.45 364.05,513.30 361.24,519.00 359.72,522.09 354.39,528.28 351.83,530.70 347.73,534.59 339.21,540.00 334.00,542.28 331.20,543.50 325.72,544.73 323.86,547.10 321.68,549.88 324.97,554.39 326.18,557.00 326.18,557.00 328.95,565.00 328.95,565.00 330.76,569.70 335.30,577.18 338.67,580.98 343.74,586.71 349.68,587.96 357.00,588.00 364.85,588.04 367.25,587.55 375.00,590.21 379.77,591.84 383.93,595.08 389.00,595.79 395.13,596.65 418.38,590.33 430.00,604.00 413.79,609.49 408.63,608.03 392.00,608.00 392.00,608.00 378.00,607.18 378.00,607.18 378.00,607.18 369.00,607.98 369.00,607.98 361.02,607.70 359.08,605.79 350.00,607.98 350.00,607.98 358.00,618.00 358.00,618.00 358.00,618.00 341.00,616.81 341.00,616.81 341.00,616.81 329.00,615.00 329.00,615.00 329.00,615.00 329.00,617.00 329.00,617.00 333.18,618.77 336.38,620.53 341.00,620.91 349.59,621.61 359.25,619.12 366.00,626.00 366.00,626.00 360.00,631.00 360.00,631.00 365.15,631.92 373.92,633.23 379.00,632.96 383.48,632.72 384.40,631.71 388.00,631.21 394.29,630.33 409.07,630.78 414.41,634.27 416.91,635.92 417.74,637.42 419.00,640.00 407.55,640.11 409.89,644.26 392.00,643.37 379.93,642.76 367.98,643.42 356.00,645.00 360.67,648.72 366.24,651.06 372.00,652.61 381.94,655.29 388.88,653.35 392.00,665.85 392.00,665.85 381.00,665.85 381.00,665.85 381.00,665.85 346.00,655.49 346.00,655.49 346.00,655.49 335.00,650.64 335.00,650.64 331.97,649.77 327.25,650.01 324.00,650.00 318.90,649.99 315.53,650.07 311.09,647.03 307.77,644.76 305.93,641.33 302.99,641.03 299.60,640.68 296.94,644.82 291.00,646.39 285.91,647.73 281.11,645.28 276.00,645.00 279.46,638.98 297.00,628.20 298.94,616.42 298.94,616.42 297.00,603.00 297.00,603.00 288.58,604.50 282.65,606.70 274.00,603.00 277.31,600.92 288.97,592.06 290.48,588.96 292.08,585.68 290.65,582.32 289.89,579.00 288.29,572.06 285.21,556.16 279.62,551.73 276.80,549.50 268.70,548.50 265.00,547.38 258.81,545.52 245.04,539.54 240.00,535.82 235.41,532.42 227.05,524.77 224.15,520.00 220.44,513.91 223.69,508.48 215.00,507.00 215.00,507.00 214.00,511.00 214.00,511.00 214.00,511.00 209.06,478.00 209.06,478.00 209.06,478.00 209.06,470.00 209.06,470.00 209.06,470.00 208.09,461.00 208.09,461.00 208.09,461.00 212.89,437.00 212.89,437.00 212.89,437.00 215.96,429.00 215.96,429.00 215.96,429.00 217.14,421.00 217.14,421.00 217.14,421.00 224.00,403.00 224.00,403.00 Z" />
</svg>
