<?xml version="1.0" encoding="UTF-8" standalone="no"?>
<!DOCTYPE svg PUBLIC "-//W3C//DTD SVG 20010904//EN"
              "http://www.w3.org/TR/2001/REC-SVG-20010904/DTD/svg10.dtd">

<svg xmlns="http://www.w3.org/2000/svg"
     width="76.7297mm" height="89.2975mm"
     viewBox="0 0 580 675">
  <path id="neck"
        fill="none" stroke="black" stroke-width="1"
        d="M 535.90,267.00 C 522.83,265.14 497.17,255.15 484.00,250.00 479.33,248.18 465.69,243.76 462.45,241.20 456.07,236.14 448.60,222.53 443.32,216.29 440.24,212.64 436.82,211.45 433.00,209.05 433.00,209.05 425.00,203.72 425.00,203.72 420.58,201.37 410.06,199.06 405.00,199.00 405.00,199.00 394.00,199.00 394.00,199.00 389.83,198.98 383.15,198.96 383.53,192.98 383.77,189.20 392.30,176.14 394.67,172.00 394.67,172.00 419.44,126.00 419.44,126.00 421.93,121.53 428.24,108.42 432.10,106.57 435.76,104.35 439.26,106.37 443.00,106.57 443.00,106.57 451.00,107.32 451.00,107.32 451.00,107.32 476.00,113.58 476.00,113.58 489.49,117.27 505.72,123.68 517.28,131.45 521.67,134.40 528.00,134.16 527.03,141.00 526.38,145.61 526.01,145.93 526.00,151.00 526.00,151.00 527.83,179.00 527.83,179.00 527.83,179.00 529.17,200.00 529.17,200.00 529.17,200.00 532.00,221.00 532.00,221.00 532.00,221.00 532.00,231.00 532.00,231.00 532.00,231.00 533.70,239.00 533.70,239.00 533.70,239.00 534.21,247.00 534.21,247.00 534.21,247.00 535.90,254.00 535.90,254.00 535.90,254.00 535.90,267.00 535.90,267.00 Z" />
</svg>
