<?xml version="1.0" encoding="UTF-8" standalone="no"?>
<!DOCTYPE svg PUBLIC "-//W3C//DTD SVG 20010904//EN"
              "http://www.w3.org/TR/2001/REC-SVG-20010904/DTD/svg10.dtd">

<svg xmlns="http://www.w3.org/2000/svg"
     width="76.7297mm" height="89.2975mm"
     viewBox="0 0 580 675">
  <path id="thigh"
        fill="none" stroke="black" stroke-width="1"
        d="M 91.00,349.00 C 91.00,349.00 100.00,346.08 100.00,346.08 100.00,346.08 111.00,346.08 111.00,346.08 111.00,346.08 126.00,343.43 126.00,343.43 126.00,343.43 134.00,342.70 134.00,342.70 143.24,341.37 151.18,338.12 161.00,338.25 163.74,337.97 168.49,337.83 171.00,338.25 174.10,339.30 176.36,341.20 180.00,341.50 188.61,342.22 198.55,336.75 210.00,340.00 210.00,340.00 201.92,359.00 201.92,359.00 201.92,359.00 195.36,371.01 195.36,371.01 195.36,371.01 193.31,378.99 193.31,378.99 193.31,378.99 189.75,385.28 189.75,385.28 189.75,385.28 187.00,392.00 187.00,392.00 187.00,392.00 197.00,398.57 197.00,398.57 197.00,398.57 207.09,400.34 207.09,400.34 207.09,400.34 223.00,403.00 223.00,403.00 223.00,403.00 216.65,420.00 216.65,420.00 216.65,420.00 214.78,431.00 214.78,431.00 214.78,431.00 210.77,440.28 210.77,440.28 210.77,440.28 207.09,461.00 207.09,461.00 207.09,461.00 208.85,477.00 208.85,477.00 208.85,477.00 213.00,511.00 213.00,511.00 206.93,510.37 205.45,508.90 200.00,506.89 189.60,503.05 183.69,501.00 173.72,495.73 173.72,495.73 156.00,486.39 156.00,486.39 143.86,479.04 126.47,464.07 117.67,453.00 111.06,444.70 104.96,436.04 99.43,427.00 96.11,421.59 93.22,414.55 89.00,410.00 92.48,398.31 85.73,403.43 86.51,391.00 86.51,391.00 87.57,373.00 87.57,373.00 87.57,373.00 87.57,366.00 87.57,366.00 88.23,358.54 90.61,356.96 91.00,349.00 Z" />
</svg>
