<?xml version="1.0" encoding="UTF-8" standalone="no"?>
<!DOCTYPE svg PUBLIC "-//W3C//DTD SVG 20010904//EN"
              "http://www.w3.org/TR/2001/REC-SVG-20010904/DTD/svg10.dtd">

<svg xmlns="http://www.w3.org/2000/svg"
     width="76.7297mm" height="89.2975mm"
     viewBox="0 0 580 675">
  <path id="wing"
        fill="none" stroke="black" stroke-width="1"
        d="M 381.00,196.00 C 397.40,203.83 400.85,196.99 420.00,202.77 424.60,204.16 439.41,212.76 442.54,216.13 442.54,216.13 455.22,234.00 455.22,234.00 458.99,239.07 464.63,244.05 465.03,244.61 467.34,247.87 467.99,255.05 468.00,259.00 468.00,259.00 468.00,276.00 468.00,276.00 467.98,285.98 466.35,285.95 463.23,295.00 458.75,307.97 453.37,321.19 444.40,331.83 444.40,331.83 421.91,352.17 421.91,352.17 410.35,363.32 398.02,373.69 384.00,381.66 384.00,381.66 365.00,389.86 365.00,389.86 365.00,389.86 341.00,399.24 341.00,399.24 341.00,399.24 324.00,400.28 324.00,400.28 324.00,400.28 303.00,403.00 303.00,403.00 303.00,403.00 292.00,403.00 292.00,403.00 292.00,403.00 272.00,405.00 272.00,405.00 272.00,405.00 256.00,405.00 256.00,405.00 256.00,405.00 232.00,403.00 232.00,403.00 212.05,402.77 218.60,401.08 205.00,398.47 200.69,397.64 194.97,398.19 192.39,393.78 188.88,387.76 195.20,375.95 197.47,370.00 197.47,370.00 206.69,350.00 206.69,350.00 206.69,350.00 210.14,341.10 210.14,341.10 211.95,338.09 214.25,337.45 216.26,334.79 216.26,334.79 223.88,323.00 223.88,323.00 223.88,323.00 237.77,306.00 237.77,306.00 237.77,306.00 255.55,283.00 255.55,283.00 255.55,283.00 262.63,273.17 262.63,273.17 262.63,273.17 283.04,251.00 283.04,251.00 283.04,251.00 290.59,243.59 290.59,243.59 290.59,243.59 295.24,237.97 295.24,237.97 303.70,230.36 322.42,219.54 333.00,214.86 333.00,214.86 347.00,209.77 347.00,209.77 347.00,209.77 360.00,203.94 360.00,203.94 366.78,201.60 375.09,199.72 381.00,196.00 Z" />
</svg>
