<?xml version="1.0" encoding="UTF-8" standalone="no"?>
<!DOCTYPE svg PUBLIC "-//W3C//DTD SVG 20010904//EN"
              "http://www.w3.org/TR/2001/REC-SVG-20010904/DTD/svg10.dtd">

<svg xmlns="http://www.w3.org/2000/svg"
     width="105.834mm" height="76.5974mm"
     viewBox="0 0 800 579">
  <path id="brisket"
        fill="none" stroke="black" stroke-width="1"
        d="M 478.00,262.00 C 478.00,262.00 495.00,262.00 495.00,262.00 495.00,262.00 511.00,261.00 511.00,261.00 511.00,261.00 571.00,261.00 571.00,261.00 571.00,261.00 588.00,260.00 588.00,260.00 588.00,260.00 630.00,260.00 630.00,260.00 630.00,260.00 624.45,291.00 624.45,291.00 622.89,295.39 616.66,305.50 614.01,310.00 611.19,314.80 606.94,323.04 603.67,327.00 603.67,327.00 591.04,340.00 591.04,340.00 591.04,340.00 579.00,352.90 579.00,352.90 574.96,356.55 558.21,366.27 553.00,368.19 553.00,368.19 540.00,371.21 540.00,371.21 540.00,371.21 523.00,374.86 523.00,374.86 523.00,374.86 486.00,374.86 486.00,374.86 486.00,374.86 481.91,319.00 481.91,319.00 481.91,319.00 478.91,276.00 478.91,276.00 478.91,276.00 478.00,262.00 478.00,262.00 Z" />
</svg>
