<?xml version="1.0" encoding="UTF-8" standalone="no"?>
<!DOCTYPE svg PUBLIC "-//W3C//DTD SVG 20010904//EN"
              "http://www.w3.org/TR/2001/REC-SVG-20010904/DTD/svg10.dtd">

<svg xmlns="http://www.w3.org/2000/svg"
     width="105.834mm" height="76.5974mm"
     viewBox="0 0 800 579">
  <path id="Plate"
        fill="none" stroke="black" stroke-width="1"
        d="M 308.00,281.00 C 308.00,281.00 386.00,268.10 386.00,268.10 386.00,268.10 395.00,268.10 395.00,268.10 395.00,268.10 416.00,265.96 416.00,265.96 416.00,265.96 424.00,265.96 424.00,265.96 424.00,265.96 464.00,262.91 464.00,262.91 464.00,262.91 476.00,262.00 476.00,262.00 476.00,262.00 477.09,276.00 477.09,276.00 477.09,276.00 479.04,297.00 479.04,297.00 479.04,297.00 479.04,306.00 479.04,306.00 479.04,306.00 482.09,348.00 482.09,348.00 482.09,348.00 484.00,377.00 484.00,377.00 484.00,377.00 454.00,372.25 454.00,372.25 449.84,371.55 441.84,369.89 438.00,370.18 438.00,370.18 419.00,374.00 419.00,374.00 419.00,374.00 371.00,383.28 371.00,383.28 371.00,383.28 337.00,388.13 337.00,388.13 332.20,388.80 325.52,390.74 321.00,389.00 321.00,389.00 325.00,387.00 325.00,387.00 325.00,387.00 320.00,387.00 320.00,387.00 320.00,387.00 312.17,334.00 312.17,334.00 312.17,334.00 308.00,281.00 308.00,281.00 Z" />
</svg>
