<?xml version="1.0" encoding="UTF-8" standalone="no"?>
<!DOCTYPE svg PUBLIC "-//W3C//DTD SVG 20010904//EN"
              "http://www.w3.org/TR/2001/REC-SVG-20010904/DTD/svg10.dtd">

<svg xmlns="http://www.w3.org/2000/svg"
     width="105.834mm" height="76.5974mm"
     viewBox="0 0 800 579">
  <path id="Short Loin"
        fill="none" stroke="black" stroke-width="1"
        d="M 204.00,137.00 C 204.00,137.00 207.08,103.00 207.08,103.00 207.57,96.91 207.64,92.10 215.00,92.62 215.00,92.62 268.00,98.00 268.00,98.00 268.00,98.00 310.00,98.00 310.00,98.00 310.00,98.00 308.00,131.00 308.00,131.00 308.00,131.00 307.00,146.00 307.00,146.00 307.00,146.00 306.00,162.00 306.00,162.00 306.00,162.00 305.00,181.00 305.00,181.00 305.00,181.00 305.00,278.00 305.00,278.00 305.00,278.00 281.00,283.58 281.00,283.58 281.00,283.58 252.00,290.43 252.00,290.43 252.00,290.43 232.00,297.33 232.00,297.33 232.00,297.33 207.00,305.00 207.00,305.00 207.00,305.00 206.00,276.00 206.00,276.00 206.00,276.00 205.00,257.00 205.00,257.00 205.00,257.00 204.00,240.00 204.00,240.00 204.00,240.00 204.00,167.00 204.00,167.00 204.00,167.00 217.00,166.09 217.00,166.09 217.00,166.09 274.00,161.00 274.00,161.00 274.00,161.00 273.00,149.00 273.00,149.00 273.00,149.00 248.00,143.17 248.00,143.17 248.00,143.17 235.00,141.72 235.00,141.72 235.00,141.72 204.00,137.00 204.00,137.00 Z" />
</svg>
