<?xml version="1.0" encoding="UTF-8" standalone="no"?>
<!DOCTYPE svg PUBLIC "-//W3C//DTD SVG 20010904//EN"
              "http://www.w3.org/TR/2001/REC-SVG-20010904/DTD/svg10.dtd">

<svg xmlns="http://www.w3.org/2000/svg"
     width="105.834mm" height="89.2975mm"
     viewBox="0 0 800 675">
  <path id="Back"
        fill="none" stroke="black" stroke-width="1"
        d="M 146.00,392.00 C 146.00,392.00 179.00,377.86 179.00,377.86 179.00,377.86 198.00,369.63 198.00,369.63 198.00,369.63 230.00,352.31 230.00,352.31 230.00,352.31 280.00,325.31 280.00,325.31 280.00,325.31 302.00,314.74 302.00,314.74 302.00,314.74 340.00,295.75 340.00,295.75 354.21,288.65 395.01,270.12 409.00,265.52 409.00,265.52 441.00,258.40 441.00,258.40 451.58,256.27 462.15,253.02 473.00,253.00 494.14,252.97 510.89,252.23 532.00,255.75 532.00,255.75 548.00,258.68 548.00,258.68 551.32,259.87 558.69,265.12 562.00,267.33 565.93,269.95 574.74,275.60 577.82,278.46 581.45,281.85 594.87,301.00 598.00,306.00 598.00,306.00 571.00,294.63 571.00,294.63 567.44,293.62 553.51,293.95 549.00,294.00 540.72,294.10 530.32,296.83 522.00,298.39 522.00,298.39 496.00,303.48 496.00,303.48 496.00,303.48 455.00,316.33 455.00,316.33 455.00,316.33 422.00,327.05 422.00,327.05 422.00,327.05 346.00,356.31 346.00,356.31 346.00,356.31 285.00,374.72 285.00,374.72 285.00,374.72 261.00,381.77 261.00,381.77 261.00,381.77 222.00,387.15 222.00,387.15 222.00,387.15 182.00,392.00 182.00,392.00 182.00,392.00 166.00,392.00 166.00,392.00 159.60,392.08 152.09,394.42 146.00,392.00 Z" />
</svg>
