<?xml version="1.0" encoding="UTF-8" standalone="no"?>
<!DOCTYPE svg PUBLIC "-//W3C//DTD SVG 20010904//EN"
              "http://www.w3.org/TR/2001/REC-SVG-20010904/DTD/svg10.dtd">

<svg xmlns="http://www.w3.org/2000/svg"
     width="105.834mm" height="89.2975mm"
     viewBox="0 0 800 675">
  <path id="Breast"
        fill="none" stroke="black" stroke-width="1"
        d="M 691.00,271.00 C 694.56,274.49 700.12,283.31 701.87,288.00 701.87,288.00 710.15,328.00 710.15,328.00 710.15,328.00 712.81,353.00 712.81,353.00 712.26,358.04 707.51,369.55 705.67,375.00 705.67,375.00 696.68,399.00 696.68,399.00 696.68,399.00 680.42,423.00 680.42,423.00 676.84,428.07 672.98,434.51 668.83,438.96 668.83,438.96 644.00,460.25 644.00,460.25 644.00,460.25 619.00,480.65 619.00,480.65 619.00,480.65 565.00,505.57 565.00,505.57 565.00,505.57 541.00,515.31 541.00,515.31 541.00,515.31 505.00,533.69 505.00,533.69 505.00,533.69 485.00,540.33 485.00,540.33 471.83,544.70 465.86,548.24 452.00,544.00 452.00,544.00 462.71,515.00 462.71,515.00 464.65,507.76 464.02,495.83 464.00,488.00 463.97,473.82 455.96,473.62 451.00,462.00 451.00,462.00 504.00,453.40 504.00,453.40 504.00,453.40 533.00,439.25 533.00,439.25 533.00,439.25 556.00,427.54 556.00,427.54 560.87,424.57 582.94,407.00 586.96,402.96 591.68,398.22 593.67,394.09 597.67,389.00 597.67,389.00 603.50,382.00 603.50,382.00 603.50,382.00 612.30,366.00 612.30,366.00 612.30,366.00 614.04,343.00 614.04,343.00 614.04,343.00 615.00,332.58 615.00,332.58 614.20,324.90 607.67,313.96 604.00,307.00 604.00,307.00 638.00,303.07 638.00,303.07 638.00,303.07 656.00,295.42 656.00,295.42 656.00,295.42 673.00,287.38 673.00,287.38 673.00,287.38 691.00,271.00 691.00,271.00 Z" />
</svg>
