<?xml version="1.0" encoding="UTF-8" standalone="no"?>
<!DOCTYPE svg PUBLIC "-//W3C//DTD SVG 20010904//EN"
              "http://www.w3.org/TR/2001/REC-SVG-20010904/DTD/svg10.dtd">

<svg xmlns="http://www.w3.org/2000/svg"
     width="105.834mm" height="89.2975mm"
     viewBox="0 0 800 675">
  <path id="Drumstick"
        fill="none" stroke="black" stroke-width="1"
        d="M 447.00,465.02 C 451.77,466.94 461.43,476.94 462.84,482.00 462.84,482.00 462.84,499.00 462.84,499.00 462.98,510.47 457.38,526.74 452.25,537.00 450.54,540.41 448.07,546.02 445.61,548.70 443.69,550.80 440.37,553.02 438.00,554.71 426.46,562.94 428.33,561.81 415.00,564.88 410.20,565.98 403.79,567.90 399.00,567.37 394.79,566.90 382.50,565.08 379.00,563.65 367.17,558.84 364.15,555.25 355.83,546.00 353.48,543.38 350.87,541.01 348.99,538.00 348.99,538.00 339.87,515.00 339.87,515.00 338.22,509.33 339.72,506.43 339.87,501.00 340.10,497.79 340.70,484.36 341.60,482.09 342.98,478.61 352.36,470.60 356.00,469.51 358.00,468.91 360.88,469.00 363.00,469.00 363.00,469.00 386.00,469.00 386.00,469.00 386.00,469.00 397.00,467.96 397.00,467.96 397.00,467.96 407.00,467.96 407.00,467.96 407.00,467.96 447.00,465.02 447.00,465.02 Z" />
</svg>
