<?xml version="1.0" encoding="UTF-8" standalone="no"?>
<!DOCTYPE svg PUBLIC "-//W3C//DTD SVG 20010904//EN"
              "http://www.w3.org/TR/2001/REC-SVG-20010904/DTD/svg10.dtd">

<svg xmlns="http://www.w3.org/2000/svg"
     width="105.834mm" height="89.2975mm"
     viewBox="0 0 800 675">
  <path id="Neck"
        fill="none" stroke="black" stroke-width="1"
        d="M 551.00,154.00 C 551.00,154.00 583.00,159.30 583.00,159.30 593.54,157.98 622.27,141.26 630.00,139.00 629.54,144.63 627.02,155.22 627.55,160.00 627.93,163.36 630.22,169.49 631.28,173.00 631.28,173.00 636.03,188.00 636.03,188.00 640.50,197.83 659.70,224.59 666.88,234.00 666.88,234.00 682.88,255.00 682.88,255.00 686.65,259.94 690.72,264.14 693.00,270.00 693.00,270.00 669.00,287.12 669.00,287.12 669.00,287.12 632.00,302.19 632.00,302.19 632.00,302.19 604.00,308.00 604.00,308.00 595.76,303.90 591.97,290.98 585.67,284.17 582.93,281.20 563.00,265.98 559.00,263.44 559.00,263.44 547.00,256.00 547.00,256.00 550.99,253.60 561.76,247.68 564.37,244.67 566.34,242.39 571.38,232.92 571.74,230.00 572.08,227.26 570.94,222.84 570.42,220.00 567.22,202.21 564.57,201.67 558.31,186.00 555.68,179.41 551.33,161.11 551.00,154.00 Z" />
</svg>
