<?xml version="1.0" encoding="UTF-8" standalone="no"?>
<!DOCTYPE svg PUBLIC "-//W3C//DTD SVG 20010904//EN"
              "http://www.w3.org/TR/2001/REC-SVG-20010904/DTD/svg10.dtd">

<svg xmlns="http://www.w3.org/2000/svg"
     width="105.834mm" height="89.2975mm"
     viewBox="0 0 800 675">
  <path id="Thigh"
        fill="none" stroke="black" stroke-width="1"
        d="M 170.00,432.00 C 170.00,432.00 213.00,444.72 213.00,444.72 213.00,444.72 239.00,452.52 239.00,452.52 239.00,452.52 272.00,459.40 272.00,459.40 286.14,462.23 300.53,465.83 315.00,466.04 315.00,466.04 327.00,466.04 327.00,466.04 327.00,466.04 339.00,467.00 339.00,467.00 344.18,467.01 348.97,466.57 354.00,468.00 350.95,471.22 341.77,479.18 340.31,482.04 338.80,485.02 339.11,488.73 338.72,492.00 336.76,508.31 337.49,506.81 341.12,522.00 342.05,525.91 342.83,531.67 344.85,535.00 344.85,535.00 363.00,555.00 363.00,555.00 346.93,554.85 320.27,550.36 304.00,547.42 304.00,547.42 276.00,542.72 276.00,542.72 276.00,542.72 235.00,530.55 235.00,530.55 235.00,530.55 223.00,524.86 223.00,524.86 223.00,524.86 195.00,512.28 195.00,512.28 191.37,510.72 185.14,508.87 182.84,505.78 181.29,503.69 177.13,489.42 176.14,486.00 173.83,477.98 169.10,465.84 169.05,458.00 169.05,458.00 169.05,441.00 169.05,441.00 169.05,441.00 170.00,432.00 170.00,432.00 Z" />
</svg>
