<?xml version="1.0" encoding="UTF-8" standalone="no"?>
<!DOCTYPE svg PUBLIC "-//W3C//DTD SVG 20010904//EN"
              "http://www.w3.org/TR/2001/REC-SVG-20010904/DTD/svg10.dtd">

<svg xmlns="http://www.w3.org/2000/svg"
     width="105.834mm" height="89.2975mm"
     viewBox="0 0 800 675">
  <path id="Wing"
        fill="none" stroke="black" stroke-width="1"
        d="M 104.00,394.04 C 104.00,394.04 117.00,394.04 117.00,394.04 117.00,394.04 127.00,395.00 127.00,395.00 127.00,395.00 131.00,395.00 131.00,395.00 131.00,395.00 148.00,395.99 148.00,395.99 148.00,395.99 157.00,395.09 157.00,395.09 157.00,395.09 183.00,393.09 183.00,393.09 183.00,393.09 204.00,391.83 204.00,391.83 204.00,391.83 236.00,387.27 236.00,387.27 236.00,387.27 259.00,383.50 259.00,383.50 259.00,383.50 307.00,369.71 307.00,369.71 307.00,369.71 346.00,358.31 346.00,358.31 346.00,358.31 369.00,349.42 369.00,349.42 406.79,335.05 444.38,319.98 483.00,307.98 483.00,307.98 496.00,303.90 496.00,303.90 496.00,303.90 530.00,297.75 530.00,297.75 535.43,296.81 547.07,294.20 552.00,294.51 570.78,295.70 571.80,295.20 589.00,302.86 591.81,304.11 599.48,307.61 601.47,309.49 604.28,312.15 613.97,329.30 614.33,333.00 614.33,333.00 612.08,351.00 612.08,351.00 610.98,357.67 607.19,374.36 604.43,380.00 602.77,383.41 595.90,390.80 593.05,394.00 589.69,397.78 582.45,406.42 578.91,409.24 578.91,409.24 552.00,426.69 552.00,426.69 533.03,438.91 533.73,438.79 513.00,448.31 513.00,448.31 504.00,452.40 504.00,452.40 504.00,452.40 474.00,457.27 474.00,457.27 474.00,457.27 443.00,461.83 443.00,461.83 443.00,461.83 408.00,464.09 408.00,464.09 408.00,464.09 386.00,466.04 386.00,466.04 386.00,466.04 377.00,466.04 377.00,466.04 377.00,466.04 358.00,467.66 358.00,467.66 358.00,467.66 316.00,463.16 316.00,463.16 316.00,463.16 280.00,459.16 280.00,459.16 280.00,459.16 265.00,457.39 265.00,457.39 265.00,457.39 216.00,444.71 216.00,444.71 216.00,444.71 177.00,433.42 177.00,433.42 177.00,433.42 164.00,430.04 164.00,430.04 164.00,430.04 138.00,416.26 138.00,416.26 123.96,409.01 115.10,405.74 104.00,394.04 Z" />
</svg>
