<?xml version="1.0" encoding="UTF-8" standalone="no"?>
<!DOCTYPE svg PUBLIC "-//W3C//DTD SVG 20010904//EN"
              "http://www.w3.org/TR/2001/REC-SVG-20010904/DTD/svg10.dtd">

<svg xmlns="http://www.w3.org/2000/svg"
     width="105.834mm" height="57.1504mm"
     viewBox="0 0 800 432">
  <path id="Arm Shoulder"
        fill="none" stroke="black" stroke-width="1"
        d="M 461.00,155.00 C 461.00,155.00 507.00,159.09 507.00,159.09 507.00,159.09 560.00,163.83 560.00,163.83 560.00,163.83 597.00,167.00 597.00,167.00 597.00,167.00 597.00,197.00 597.00,197.00 597.00,197.00 596.00,214.00 596.00,214.00 596.00,214.00 596.00,234.00 596.00,234.00 596.00,234.00 593.28,263.00 593.28,263.00 593.28,263.00 591.17,284.00 591.17,284.00 591.17,284.00 589.26,293.10 589.26,293.10 589.26,293.10 580.00,295.28 580.00,295.28 580.00,295.28 556.00,298.00 556.00,298.00 556.00,298.00 549.00,348.00 549.00,348.00 549.00,348.00 509.00,347.00 509.00,347.00 509.00,347.00 505.58,317.00 505.58,317.00 505.11,313.65 505.10,308.06 502.49,305.74 500.27,303.76 491.26,302.75 488.00,302.27 488.00,302.27 454.00,297.00 454.00,297.00 454.00,297.00 455.00,268.00 455.00,268.00 455.00,268.00 456.00,249.00 456.00,249.00 456.00,249.00 457.00,234.00 457.00,234.00 457.00,234.00 458.00,210.00 458.00,210.00 458.00,210.00 459.00,195.00 459.00,195.00 459.00,195.00 460.00,175.00 460.00,175.00 460.00,175.00 461.00,155.00 461.00,155.00 Z" />
</svg>
