<?xml version="1.0" encoding="UTF-8" standalone="no"?>
<!DOCTYPE svg PUBLIC "-//W3C//DTD SVG 20010904//EN"
              "http://www.w3.org/TR/2001/REC-SVG-20010904/DTD/svg10.dtd">

<svg xmlns="http://www.w3.org/2000/svg"
     width="105.834mm" height="57.1504mm"
     viewBox="0 0 800 432">
  <path id="Blade Shoulder"
        fill="none" stroke="black" stroke-width="1"
        d="M 454.00,11.00 C 466.22,11.04 502.67,16.35 516.00,18.59 528.99,20.77 547.07,23.28 559.00,27.81 559.00,27.81 578.00,34.95 578.00,34.95 580.84,35.99 585.33,37.07 587.26,39.42 588.98,41.51 589.36,46.27 589.72,49.00 589.72,49.00 592.73,71.00 592.73,71.00 592.73,71.00 597.00,107.00 597.00,107.00 597.00,107.00 597.00,123.00 597.00,123.00 597.00,123.00 598.00,139.00 598.00,139.00 598.00,139.00 598.00,165.00 598.00,165.00 598.00,165.00 534.00,159.91 534.00,159.91 534.00,159.91 502.00,157.09 502.00,157.09 502.00,157.09 482.00,155.83 482.00,155.83 482.00,155.83 459.96,154.00 459.96,154.00 459.96,154.00 459.96,138.00 459.96,138.00 459.96,138.00 459.00,126.00 459.00,126.00 459.00,126.00 458.00,103.00 458.00,103.00 458.00,103.00 457.00,70.00 457.00,70.00 457.00,70.00 455.96,55.00 455.96,55.00 455.96,55.00 455.96,43.00 455.96,43.00 455.96,43.00 455.00,32.00 455.00,32.00 455.00,32.00 454.00,11.00 454.00,11.00 Z" />
</svg>
