<?xml version="1.0" encoding="UTF-8" standalone="no"?>
<!DOCTYPE svg PUBLIC "-//W3C//DTD SVG 20010904//EN"
              "http://www.w3.org/TR/2001/REC-SVG-20010904/DTD/svg10.dtd">

<svg xmlns="http://www.w3.org/2000/svg"
     width="105.834mm" height="57.1504mm"
     viewBox="0 0 800 432">
  <path id="Head"
        fill="none" stroke="black" stroke-width="1"
        d="M 589.00,39.00 C 589.00,39.00 605.00,46.14 605.00,46.14 605.00,46.14 635.00,61.05 635.00,61.05 635.00,61.05 664.00,78.94 664.00,78.94 664.00,78.94 684.00,82.77 684.00,82.77 684.00,82.77 728.00,100.72 728.00,100.72 728.00,100.72 753.00,112.00 753.00,112.00 753.00,112.00 739.00,117.00 739.00,117.00 739.00,117.00 769.00,136.00 769.00,136.00 769.00,136.00 736.00,143.00 736.00,143.00 736.00,143.00 716.00,147.00 716.00,147.00 716.00,147.00 732.14,182.00 732.14,182.00 732.14,182.00 743.63,206.00 743.63,206.00 745.85,209.09 753.92,217.02 757.00,219.96 763.02,225.71 775.78,236.95 784.00,238.59 786.86,239.17 791.74,238.15 795.00,238.00 795.00,238.00 795.91,251.00 795.91,251.00 795.70,254.42 791.28,270.08 789.70,272.83 788.67,274.63 787.52,275.58 785.95,276.87 783.60,278.80 777.76,283.21 775.00,284.10 775.00,284.10 760.00,284.10 760.00,284.10 760.00,284.10 742.00,289.80 742.00,289.80 742.00,289.80 718.00,288.19 718.00,288.19 718.00,288.19 674.00,298.58 674.00,298.58 674.00,298.58 637.00,302.01 637.00,302.01 637.00,302.01 629.00,302.66 629.00,302.66 629.00,302.66 606.00,297.92 606.00,297.92 602.08,297.26 595.28,297.17 592.58,294.20 590.19,291.57 592.05,284.35 592.58,281.00 592.58,281.00 598.00,247.00 598.00,247.00 598.00,247.00 598.00,180.00 598.00,180.00 598.00,180.00 599.00,165.00 599.00,165.00 599.00,165.00 599.00,121.00 599.00,121.00 599.00,121.00 591.72,56.00 591.72,56.00 591.72,56.00 589.00,39.00 589.00,39.00 Z" />
</svg>
