<?xml version="1.0" encoding="UTF-8" standalone="no"?>
<!DOCTYPE svg PUBLIC "-//W3C//DTD SVG 20010904//EN"
              "http://www.w3.org/TR/2001/REC-SVG-20010904/DTD/svg10.dtd">

<svg xmlns="http://www.w3.org/2000/svg"
     width="105.834mm" height="57.1504mm"
     viewBox="0 0 800 432">
  <path id="Left Hock"
        fill="none" stroke="black" stroke-width="1"
        d="M 44.00,322.00 C 44.00,322.00 90.00,329.00 90.00,329.00 90.00,329.00 82.82,362.00 82.82,362.00 82.82,362.00 82.82,377.00 82.82,377.00 83.01,379.42 82.96,381.64 83.64,384.00 85.23,389.56 95.96,403.68 99.88,409.00 102.11,412.01 106.68,417.45 107.38,420.98 108.68,427.64 100.22,426.99 96.00,427.00 91.26,427.01 80.93,427.62 77.00,425.69 71.77,423.11 61.31,407.39 57.00,402.00 57.00,402.00 53.00,411.00 53.00,411.00 51.66,408.49 49.19,404.55 48.25,402.00 48.25,402.00 48.25,372.00 48.25,372.00 48.00,355.92 46.84,337.83 44.00,322.00 Z" />
</svg>
