<?xml version="1.0" encoding="UTF-8" standalone="no"?>
<!DOCTYPE svg PUBLIC "-//W3C//DTD SVG 20010904//EN"
              "http://www.w3.org/TR/2001/REC-SVG-20010904/DTD/svg10.dtd">

<svg xmlns="http://www.w3.org/2000/svg"
     width="105.834mm" height="57.1504mm"
     viewBox="0 0 800 432">
  <path id="Leg"
        fill="none" stroke="black" stroke-width="1"
        d="M 55.00,82.00 C 57.93,77.91 72.20,62.81 76.09,59.78 76.09,59.78 97.00,46.31 97.00,46.31 97.00,46.31 121.00,31.51 121.00,31.51 121.00,31.51 162.00,17.67 162.00,17.67 162.00,17.67 192.00,12.51 192.00,12.51 194.95,11.94 200.83,10.19 203.07,12.51 204.51,14.16 206.02,21.59 206.63,24.00 206.63,24.00 211.93,44.00 211.93,44.00 211.93,44.00 211.93,52.00 211.93,52.00 211.93,52.00 214.09,81.00 214.09,81.00 214.09,81.00 215.00,92.00 215.00,92.00 215.00,92.00 211.17,134.00 211.17,134.00 211.17,134.00 208.70,163.00 208.70,163.00 207.95,168.23 201.93,185.39 199.81,191.00 199.81,191.00 191.34,215.00 191.34,215.00 191.34,215.00 175.67,239.00 175.67,239.00 171.32,245.53 162.93,258.87 157.91,263.91 157.91,263.91 102.17,313.01 102.17,313.01 98.79,316.71 93.88,323.72 91.00,328.00 91.00,328.00 44.00,320.00 44.00,320.00 44.00,320.00 42.04,300.00 42.04,300.00 42.53,288.67 51.84,276.08 51.80,263.00 52.02,260.69 52.09,257.20 51.80,255.00 51.80,255.00 30.50,207.00 30.50,207.00 28.98,200.61 24.88,172.09 25.01,166.00 25.25,155.70 28.93,131.68 32.24,122.00 32.24,122.00 39.86,104.00 39.86,104.00 39.86,104.00 47.00,90.00 47.00,90.00 39.58,93.13 32.72,100.80 24.00,100.61 7.30,100.25 1.73,91.63 2.00,76.00 2.09,71.37 2.66,68.83 6.30,65.61 19.65,53.78 26.77,61.99 41.00,64.00 37.48,51.95 30.26,50.82 26.00,43.00 28.34,43.02 30.76,42.92 33.00,43.72 40.19,46.29 46.23,54.83 48.22,62.00 51.05,72.23 45.28,71.67 55.00,82.00 Z M 21.00,69.74 C 8.56,72.82 11.70,90.95 21.00,91.34 26.37,91.56 39.58,85.74 37.85,79.01 36.14,72.37 26.86,70.14 21.00,69.74 Z" />
</svg>
