<?xml version="1.0" encoding="UTF-8" standalone="no"?>
<!DOCTYPE svg PUBLIC "-//W3C//DTD SVG 20010904//EN"
              "http://www.w3.org/TR/2001/REC-SVG-20010904/DTD/svg10.dtd">

<svg xmlns="http://www.w3.org/2000/svg"
     width="105.834mm" height="57.1504mm"
     viewBox="0 0 800 432">
  <path id="Loin"
        fill="none" stroke="black" stroke-width="1"
        d="M 206.00,11.00 C 206.00,11.00 253.00,6.00 253.00,6.00 253.00,6.00 268.00,6.00 268.00,6.00 268.00,6.00 284.00,5.00 284.00,5.00 284.00,5.00 309.00,5.00 309.00,5.00 309.00,5.00 322.00,4.01 322.00,4.01 322.00,4.01 332.00,4.96 332.00,4.96 332.00,4.96 343.00,4.96 343.00,4.96 343.00,4.96 356.00,6.00 356.00,6.00 356.00,6.00 384.00,7.00 384.00,7.00 384.00,7.00 400.00,8.00 400.00,8.00 400.00,8.00 420.00,9.00 420.00,9.00 420.00,9.00 452.00,10.00 452.00,10.00 452.00,10.00 454.00,60.00 454.00,60.00 454.00,60.00 455.00,73.00 455.00,73.00 455.00,73.00 456.00,99.00 456.00,99.00 456.00,99.00 457.00,115.00 457.00,115.00 457.00,115.00 458.00,134.00 458.00,134.00 458.00,134.00 459.00,152.00 459.00,152.00 459.00,152.00 459.00,167.00 459.00,167.00 459.00,167.00 458.00,181.00 458.00,181.00 458.00,181.00 458.00,198.00 458.00,198.00 458.00,198.00 443.00,197.00 443.00,197.00 443.00,197.00 424.00,197.00 424.00,197.00 424.00,197.00 412.00,196.04 412.00,196.04 412.00,196.04 395.00,196.04 395.00,196.04 395.00,196.04 380.00,195.00 380.00,195.00 380.00,195.00 365.00,195.00 365.00,195.00 365.00,195.00 349.00,194.00 349.00,194.00 349.00,194.00 336.00,194.00 336.00,194.00 336.00,194.00 319.00,193.00 319.00,193.00 319.00,193.00 304.00,194.00 304.00,194.00 304.00,194.00 275.00,194.00 275.00,194.00 275.00,194.00 258.00,195.00 258.00,195.00 258.00,195.00 218.00,195.00 218.00,195.00 218.00,195.00 201.00,196.00 201.00,196.00 201.00,196.00 212.00,152.00 212.00,152.00 212.00,152.00 213.17,140.00 213.17,140.00 213.17,140.00 216.00,94.00 216.00,94.00 216.00,94.00 213.56,50.00 213.56,50.00 213.56,50.00 206.00,11.00 206.00,11.00 Z" />
</svg>
