<?xml version="1.0" encoding="UTF-8" standalone="no"?>
<!DOCTYPE svg PUBLIC "-//W3C//DTD SVG 20010904//EN"
              "http://www.w3.org/TR/2001/REC-SVG-20010904/DTD/svg10.dtd">

<svg xmlns="http://www.w3.org/2000/svg"
     width="105.834mm" height="57.1504mm"
     viewBox="0 0 800 432">
  <path id="Side"
        fill="none" stroke="black" stroke-width="1"
        d="M 141.00,284.00 C 145.84,275.71 161.92,260.85 169.06,252.00 174.25,245.58 177.42,238.04 181.60,231.00 181.60,231.00 189.93,218.00 189.93,218.00 192.88,213.16 196.54,200.58 200.53,197.99 202.43,196.76 205.77,197.00 208.00,197.00 208.00,197.00 236.00,197.00 236.00,197.00 238.67,197.00 241.38,196.93 244.00,197.53 244.00,197.53 279.00,212.70 279.00,212.70 279.00,212.70 313.00,228.09 313.00,228.09 313.00,228.09 380.00,271.02 380.00,271.02 395.60,279.02 412.42,283.94 429.00,289.33 434.99,291.28 446.30,293.65 451.00,297.00 451.00,297.00 405.00,306.72 405.00,306.72 405.00,306.72 384.00,308.17 384.00,308.17 384.00,308.17 342.00,311.06 342.00,311.06 342.00,311.06 334.00,311.06 334.00,311.06 334.00,311.06 322.00,311.06 322.00,311.06 322.00,311.06 310.00,310.00 310.00,310.00 310.00,310.00 276.00,309.00 276.00,309.00 276.00,309.00 266.00,308.09 266.00,308.09 266.00,308.09 234.00,305.17 234.00,305.17 234.00,305.17 202.00,301.55 202.00,301.55 202.00,301.55 173.00,293.42 173.00,293.42 173.00,293.42 141.00,284.00 141.00,284.00 Z" />
</svg>
