<?xml version="1.0" encoding="UTF-8" standalone="no"?>
<!DOCTYPE svg PUBLIC "-//W3C//DTD SVG 20010904//EN"
              "http://www.w3.org/TR/2001/REC-SVG-20010904/DTD/svg10.dtd">

<svg xmlns="http://www.w3.org/2000/svg"
     width="105.834mm" height="57.1504mm"
     viewBox="0 0 800 432">
  <path id="Spare Rib"
        fill="none" stroke="black" stroke-width="1"
        d="M 244.00,195.00 C 244.00,195.00 331.00,195.00 331.00,195.00 331.00,195.00 342.00,194.34 342.00,194.34 342.00,194.34 353.00,195.04 353.00,195.04 353.00,195.04 369.00,195.04 369.00,195.04 369.00,195.04 381.00,196.00 381.00,196.00 381.00,196.00 395.00,196.00 395.00,196.00 395.00,196.00 410.00,197.04 410.00,197.04 410.00,197.04 427.00,197.04 427.00,197.04 427.00,197.04 438.00,198.00 438.00,198.00 438.00,198.00 457.00,198.00 457.00,198.00 457.00,198.00 456.00,211.00 456.00,211.00 456.00,211.00 455.00,237.00 455.00,237.00 455.00,237.00 454.00,254.00 454.00,254.00 454.00,254.00 453.00,279.00 453.00,279.00 453.00,279.00 452.00,294.00 452.00,294.00 434.81,291.72 400.99,281.26 386.00,272.83 386.00,272.83 364.00,258.69 364.00,258.69 364.00,258.69 333.00,238.95 333.00,238.95 333.00,238.95 316.00,228.37 316.00,228.37 316.00,228.37 301.00,221.70 301.00,221.70 301.00,221.70 268.00,206.86 268.00,206.86 262.27,204.33 248.09,198.62 244.00,195.00 Z" />
</svg>
