<?xml version="1.0" encoding="UTF-8" standalone="no"?>
<!DOCTYPE svg PUBLIC "-//W3C//DTD SVG 20010904//EN"
              "http://www.w3.org/TR/2001/REC-SVG-20010904/DTD/svg10.dtd">

<svg xmlns="http://www.w3.org/2000/svg"
     width="105.834mm" height="82.5506mm"
     viewBox="0 0 800 624">
  <path id="breast"
        fill="none" stroke="black" stroke-width="1"
        d="M 358.00,312.00 C 358.00,312.00 389.00,308.15 389.00,308.15 389.00,308.15 461.00,298.85 461.00,298.85 461.00,298.85 495.00,295.00 495.00,295.00 495.00,295.00 510.00,295.00 510.00,295.00 510.00,295.00 525.00,296.00 525.00,296.00 525.00,296.00 555.00,296.00 555.00,296.00 555.00,296.00 572.00,297.00 572.00,297.00 572.00,297.00 609.00,297.00 609.00,297.00 609.00,297.00 625.00,298.00 625.00,298.00 625.00,298.00 648.00,298.00 648.00,298.00 648.00,298.00 634.42,330.00 634.42,330.00 632.46,334.52 626.02,349.92 623.59,352.91 623.59,352.91 597.00,376.13 597.00,376.13 591.95,380.47 578.28,393.18 573.00,395.13 573.00,395.13 549.00,399.41 549.00,399.41 539.59,400.99 521.97,403.99 513.00,404.00 513.00,404.00 496.00,404.00 496.00,404.00 496.00,404.00 480.00,403.00 480.00,403.00 480.00,403.00 451.00,403.00 451.00,403.00 451.00,403.00 432.00,402.17 432.00,402.17 432.00,402.17 395.00,407.83 395.00,407.83 395.00,407.83 349.00,409.00 349.00,409.00 349.00,409.00 350.00,386.00 350.00,386.00 350.00,386.00 351.17,360.00 351.17,360.00 351.17,360.00 358.00,312.00 358.00,312.00 Z" />
</svg>
