<?xml version="1.0" encoding="UTF-8" standalone="no"?>
<!DOCTYPE svg PUBLIC "-//W3C//DTD SVG 20010904//EN"
              "http://www.w3.org/TR/2001/REC-SVG-20010904/DTD/svg10.dtd">

<svg xmlns="http://www.w3.org/2000/svg"
     width="105.834mm" height="82.5506mm"
     viewBox="0 0 800 624">
  <path id="flank"
        fill="none" stroke="black" stroke-width="1"
        d="M 166.00,378.00 C 179.10,365.82 210.58,354.70 228.00,348.66 228.00,348.66 267.00,335.31 267.00,335.31 267.00,335.31 298.00,324.75 298.00,324.75 298.00,324.75 327.00,319.92 327.00,319.92 327.00,319.92 355.00,316.00 355.00,316.00 355.00,316.00 350.17,362.00 350.17,362.00 350.17,362.00 345.00,411.00 345.00,411.00 345.00,411.00 324.00,409.17 324.00,409.17 324.00,409.17 299.00,406.72 299.00,406.72 299.00,406.72 262.00,400.42 262.00,400.42 262.00,400.42 235.00,395.58 235.00,395.58 235.00,395.58 198.00,386.37 198.00,386.37 198.00,386.37 166.00,378.00 166.00,378.00 Z" />
</svg>
