<?xml version="1.0" encoding="UTF-8" standalone="no"?>
<!DOCTYPE svg PUBLIC "-//W3C//DTD SVG 20010904//EN"
              "http://www.w3.org/TR/2001/REC-SVG-20010904/DTD/svg10.dtd">

<svg xmlns="http://www.w3.org/2000/svg"
     width="105.834mm" height="82.5506mm"
     viewBox="0 0 800 624">
  <path id="foreshank"
        fill="none" stroke="black" stroke-width="1"
        d="M 464.00,404.00 C 464.00,404.00 489.00,404.00 489.00,404.00 489.00,404.00 505.00,405.00 505.00,405.00 505.00,405.00 574.00,397.00 574.00,397.00 569.83,411.62 556.18,423.54 546.43,435.00 543.23,438.75 533.63,451.09 530.71,453.30 527.71,455.58 514.73,459.04 511.00,458.52 508.85,458.22 504.17,456.10 502.00,455.14 499.75,454.15 494.00,451.67 492.33,450.30 489.31,447.84 478.19,428.66 475.40,424.00 472.02,418.36 466.10,409.68 464.00,404.00 Z" />
</svg>
