<?xml version="1.0" encoding="UTF-8" standalone="no"?>
<!DOCTYPE svg PUBLIC "-//W3C//DTD SVG 20010904//EN"
              "http://www.w3.org/TR/2001/REC-SVG-20010904/DTD/svg10.dtd">

<svg xmlns="http://www.w3.org/2000/svg"
     width="105.834mm" height="82.5506mm"
     viewBox="0 0 800 624">
  <path id="hindshank"
        fill="none" stroke="black" stroke-width="1"
        d="M 50.00,379.00 C 50.00,379.00 85.00,389.24 85.00,389.24 85.00,389.24 98.00,390.15 98.00,390.15 98.00,390.15 123.00,391.46 123.00,391.46 123.00,391.46 161.00,377.00 161.00,377.00 161.00,377.00 139.37,406.00 139.37,406.00 139.37,406.00 104.95,450.00 104.95,450.00 104.95,450.00 91.27,466.00 91.27,466.00 91.27,466.00 84.00,472.19 84.00,472.19 84.00,472.19 71.00,467.85 71.00,467.85 71.00,467.85 38.00,454.00 38.00,454.00 38.00,454.00 45.64,435.00 45.64,435.00 45.64,435.00 52.82,409.00 52.82,409.00 52.82,409.00 50.00,379.00 50.00,379.00 Z" />
</svg>
