<?xml version="1.0" encoding="UTF-8" standalone="no"?>
<!DOCTYPE svg PUBLIC "-//W3C//DTD SVG 20010904//EN"
              "http://www.w3.org/TR/2001/REC-SVG-20010904/DTD/svg10.dtd">

<svg xmlns="http://www.w3.org/2000/svg"
     width="105.834mm" height="82.5506mm"
     viewBox="0 0 800 624">
  <path id="leg"
        fill="none" stroke="black" stroke-width="1"
        d="M 189.00,100.00 C 191.84,104.89 192.42,115.12 193.27,121.00 193.27,121.00 198.00,168.00 198.00,168.00 198.00,168.00 198.00,218.00 198.00,218.00 198.00,218.00 194.16,256.00 194.16,256.00 194.16,256.00 189.76,293.00 189.76,293.00 189.76,293.00 179.95,321.00 179.95,321.00 179.95,321.00 166.42,358.00 166.42,358.00 163.74,365.19 162.58,371.13 156.57,376.61 153.40,379.50 146.16,382.06 142.00,383.85 142.00,383.85 125.00,390.61 125.00,390.61 119.18,391.85 112.09,390.03 106.00,390.00 97.70,389.96 85.93,388.98 78.00,386.70 78.00,386.70 60.00,380.00 60.00,380.00 58.08,379.23 54.21,377.94 52.99,376.30 51.51,374.31 52.03,367.65 52.00,365.00 51.79,347.26 40.56,346.52 35.39,333.00 35.39,333.00 24.16,295.00 24.16,295.00 23.95,292.70 24.00,290.33 24.16,288.00 24.16,288.00 25.00,263.00 25.00,263.00 25.00,263.00 9.00,264.00 9.00,264.00 9.00,264.00 2.34,232.00 2.34,232.00 2.34,232.00 9.31,211.00 9.31,211.00 9.31,211.00 14.51,198.00 14.51,198.00 14.51,198.00 35.68,176.00 35.68,176.00 35.68,176.00 61.51,140.21 61.51,140.21 61.51,140.21 76.00,130.60 76.00,130.60 76.00,130.60 99.00,117.45 99.00,117.45 99.00,117.45 136.00,106.30 136.00,106.30 136.00,106.30 189.00,100.00 189.00,100.00 Z" />
</svg>
