<?xml version="1.0" encoding="UTF-8" standalone="no"?>
<!DOCTYPE svg PUBLIC "-//W3C//DTD SVG 20010904//EN"
              "http://www.w3.org/TR/2001/REC-SVG-20010904/DTD/svg10.dtd">

<svg xmlns="http://www.w3.org/2000/svg"
     width="105.834mm" height="82.5506mm"
     viewBox="0 0 800 624">
  <path id="loin"
        fill="none" stroke="black" stroke-width="1"
        d="M 262.00,100.00 C 262.00,100.00 290.00,103.28 290.00,103.28 307.60,105.40 331.54,108.00 349.00,108.00 349.00,108.00 350.91,129.00 350.91,129.00 350.91,129.00 355.09,185.00 355.09,185.00 355.09,185.00 357.00,209.00 357.00,209.00 357.00,209.00 357.00,275.00 357.00,275.00 357.00,275.00 356.00,290.00 356.00,290.00 356.00,290.00 356.00,311.00 356.00,311.00 356.00,311.00 321.00,320.11 321.00,320.11 321.00,320.11 296.00,324.72 296.00,324.72 296.00,324.72 278.00,331.00 278.00,331.00 278.00,331.00 240.00,342.00 240.00,342.00 240.00,342.00 257.47,296.00 257.47,296.00 257.47,296.00 259.00,274.00 259.00,274.00 259.00,274.00 259.96,264.00 259.96,264.00 259.96,264.00 259.96,254.00 259.96,254.00 259.96,254.00 262.00,228.00 262.00,228.00 262.00,228.00 262.00,100.00 262.00,100.00 Z" />
</svg>
