<?xml version="1.0" encoding="UTF-8" standalone="no"?>
<!DOCTYPE svg PUBLIC "-//W3C//DTD SVG 20010904//EN"
              "http://www.w3.org/TR/2001/REC-SVG-20010904/DTD/svg10.dtd">

<svg xmlns="http://www.w3.org/2000/svg"
     width="105.834mm" height="82.5506mm"
     viewBox="0 0 800 624">
  <path id="neck"
        fill="none" stroke="black" stroke-width="1"
        d="M 538.00,77.00 C 538.00,77.00 581.00,46.14 581.00,46.14 584.17,43.87 594.57,35.40 598.00,35.90 601.16,36.35 606.57,42.56 608.72,45.00 608.72,45.00 631.01,69.00 631.01,69.00 631.01,69.00 664.56,105.00 664.56,105.00 664.56,105.00 693.00,141.00 693.00,141.00 693.00,141.00 723.00,180.00 723.00,180.00 723.00,180.00 690.83,215.00 690.83,215.00 690.83,215.00 670.00,238.00 670.00,238.00 670.00,238.00 652.13,216.00 652.13,216.00 652.13,216.00 635.02,193.00 635.02,193.00 635.02,193.00 608.56,155.00 608.56,155.00 608.56,155.00 588.09,133.00 588.09,133.00 588.09,133.00 558.83,101.00 558.83,101.00 558.83,101.00 538.00,77.00 538.00,77.00 Z" />
</svg>
