<?xml version="1.0" encoding="UTF-8" standalone="no"?>
<!DOCTYPE svg PUBLIC "-//W3C//DTD SVG 20010904//EN"
              "http://www.w3.org/TR/2001/REC-SVG-20010904/DTD/svg10.dtd">

<svg xmlns="http://www.w3.org/2000/svg"
     width="105.834mm" height="82.5506mm"
     viewBox="0 0 800 624">
  <path id="rib"
        fill="none" stroke="black" stroke-width="1"
        d="M 351.00,110.00 C 351.00,110.00 417.00,114.25 417.00,114.25 417.00,114.25 470.00,108.00 470.00,108.00 470.00,108.00 473.58,133.00 473.58,133.00 476.89,154.34 482.76,181.03 483.00,202.00 483.00,202.00 483.96,212.00 483.96,212.00 483.96,212.00 483.96,222.00 483.96,222.00 483.96,222.00 485.00,237.00 485.00,237.00 485.00,237.00 485.00,281.00 485.00,281.00 485.00,281.00 486.00,295.00 486.00,295.00 486.00,295.00 457.00,298.72 457.00,298.72 457.00,298.72 391.00,307.15 391.00,307.15 391.00,307.15 357.00,311.00 357.00,311.00 357.00,311.00 357.00,297.00 357.00,297.00 357.00,297.00 358.00,281.00 358.00,281.00 358.00,281.00 358.00,248.00 358.00,248.00 358.00,248.00 359.00,233.00 359.00,233.00 359.00,233.00 359.00,214.00 359.00,214.00 359.00,214.00 357.09,189.00 357.09,189.00 357.09,189.00 352.91,133.00 352.91,133.00 352.91,133.00 351.00,110.00 351.00,110.00 Z" />
</svg>
