<?xml version="1.0" encoding="UTF-8" standalone="no"?>
<!DOCTYPE svg PUBLIC "-//W3C//DTD SVG 20010904//EN"
              "http://www.w3.org/TR/2001/REC-SVG-20010904/DTD/svg10.dtd">

<svg xmlns="http://www.w3.org/2000/svg"
     width="105.834mm" height="82.5506mm"
     viewBox="0 0 800 624">
  <path id="shoulder"
        fill="none" stroke="black" stroke-width="1"
        d="M 471.00,107.00 C 488.06,103.11 504.07,95.52 520.00,88.58 524.13,86.78 533.86,80.82 538.00,82.81 541.22,84.36 547.68,92.04 550.28,95.00 550.28,95.00 560.96,106.00 560.96,106.00 560.96,106.00 570.01,116.00 570.01,116.00 570.01,116.00 603.71,152.00 603.71,152.00 603.71,152.00 621.87,176.00 621.87,176.00 621.87,176.00 642.42,203.00 642.42,203.00 642.42,203.00 658.87,225.00 658.87,225.00 660.86,227.64 666.18,234.21 666.98,237.00 667.97,240.46 664.79,249.25 663.71,253.00 663.71,253.00 654.71,284.00 654.71,284.00 653.95,286.65 652.25,294.47 650.28,296.01 648.66,297.26 645.00,297.00 643.00,297.00 643.00,297.00 624.00,296.00 624.00,296.00 624.00,296.00 611.00,296.00 611.00,296.00 611.00,296.00 598.00,295.00 598.00,295.00 598.00,295.00 586.00,295.00 586.00,295.00 586.00,295.00 566.00,294.00 566.00,294.00 566.00,294.00 551.00,295.00 551.00,295.00 551.00,295.00 513.00,295.00 513.00,295.00 499.42,294.98 502.67,292.80 486.00,295.00 486.00,295.00 487.00,281.00 487.00,281.00 487.00,281.00 487.00,209.00 487.00,209.00 487.00,209.00 481.41,170.00 481.41,170.00 481.41,170.00 471.00,107.00 471.00,107.00 Z" />
</svg>
