<?xml version="1.0" encoding="UTF-8" standalone="no"?>
<!DOCTYPE svg PUBLIC "-//W3C//DTD SVG 20010904//EN"
              "http://www.w3.org/TR/2001/REC-SVG-20010904/DTD/svg10.dtd">

<svg xmlns="http://www.w3.org/2000/svg"
     width="105.834mm" height="82.5506mm"
     viewBox="0 0 800 624">
  <path id="sirloin"
        fill="none" stroke="black" stroke-width="1"
        d="M 191.00,101.00 C 191.00,101.00 260.00,101.00 260.00,101.00 260.00,101.00 261.00,118.00 261.00,118.00 261.00,118.00 261.00,225.00 261.00,225.00 261.00,225.00 260.00,240.00 260.00,240.00 260.00,240.00 259.00,265.00 259.00,265.00 259.00,265.00 258.00,280.00 258.00,280.00 257.91,300.27 254.36,303.61 247.00,322.00 245.58,325.55 241.18,337.47 239.30,339.78 236.36,343.41 222.91,348.06 218.00,350.15 218.00,350.15 162.00,373.00 162.00,373.00 162.00,373.00 171.58,346.00 171.58,346.00 171.58,346.00 187.69,302.00 187.69,302.00 187.69,302.00 193.48,286.00 193.48,286.00 193.48,286.00 197.17,245.00 197.17,245.00 197.17,245.00 201.00,198.00 201.00,198.00 201.00,198.00 200.00,175.00 200.00,175.00 200.00,175.00 198.83,147.00 198.83,147.00 198.83,147.00 197.08,137.00 197.08,137.00 197.08,137.00 191.00,101.00 191.00,101.00 Z" />
</svg>
